4.091841562500000009e+02 4.415420624999999859e+02 6.127522500000000036e+02 9.162612187500000118e+02 1.260729562499999929e+03 1.970145937499999945e+03 2.660721000000000004e+03 4.808221031250000124e+03 6.340101656249999905e+03 8.743188187499999913e+03 7.530381093750000218e+03 1.231935121875000004e+04 1.091813099999999940e+04 1.121590565625000090e+04
1.088700187500000084e+03 1.172666906250000011e+03 1.610113031249999949e+03 2.584536562499999945e+03 3.944797406250000222e+03 6.367954031250000298e+03 7.466484468749999905e+03 1.506977325000000019e+04 1.679621090624999852e+04 2.263415062499999840e+04 1.573003837500000009e+04 1.756256081249999988e+04 1.684126621874999910e+04 1.740036168750000070e+04
2.723798437500000205e+02 2.097119999999999891e+02 2.678743124999999736e+02 4.321214062500000068e+02 7.229329687499999864e+02 1.225504500000000007e+03 1.658854687499999955e+03 4.270014843750000182e+03 5.652393750000000182e+03 8.635465031249999811e+03 5.008512375000000247e+03 1.194907846874999996e+04 9.474722625000000335e+03 1.260524765624999964e+04
9.404272499999999582e+02 1.096072875000000067e+03 1.429072593749999896e+03 2.039776875000000018e+03 2.362946343749999869e+03 3.351705656250000175e+03 5.037183937499999956e+03 9.243711750000000393e+03 1.182497156250000080e+04 1.424771859374999985e+04 1.049624943750000057e+04 1.101110878125000090e+04 6.774271031250000306e+03 3.488509968750000098e+03
9.383792812499999627e+02 8.093572500000000218e+02 8.552317500000000337e+02 1.177991625000000113e+03 9.543534375000000409e+02 2.475175031249999847e+03 3.401266500000000178e+03 7.463207718749999913e+03 1.121836321875000067e+04 1.365544603124999958e+04 9.676242749999999432e+03 2.467925221874999988e+04 2.139471993749999820e+04 1.452706153124999946e+04
6.991765312500000391e+02 7.970694375000000491e+02 9.490287187500000528e+02 1.739135062500000004e+03 3.087517687500000193e+03 4.632505312500000400e+03 6.579713999999999942e+03 1.170455099999999948e+04 1.444186603124999965e+04 1.840919109374999971e+04 1.397451956249999967e+04 2.067055818749999889e+04 1.714313681250000081e+04 1.290752784375000010e+04
8.269697812499999827e+02 1.055113499999999931e+03 1.490921250000000100e+03 1.900105406249999987e+03 3.588041250000000218e+03 5.123608218749999651e+03 6.270061125000000175e+03 1.286165334375000020e+04 1.529464021875000071e+04 1.989233006250000108e+04 1.669381246874999852e+04 2.659942771875000108e+04 2.505525928125000064e+04 1.168161375000000044e+04
8.023941562500000373e+02 8.613756562500000200e+02 1.202976843749999944e+03 1.363537593750000042e+03 1.834160812500000020e+03 2.516134406250000211e+03 3.349248093749999953e+03 6.264326812500000415e+03 8.662498218750000888e+03 1.118477653124999961e+04 9.445231874999999491e+03 1.442630146874999991e+04 9.195379687500000728e+03 1.443408374999999978e+03
8.699771250000000009e+02 8.335232812499999682e+02 1.181677968749999991e+03 1.587585375000000113e+03 2.019706781249999949e+03 3.070724343750000116e+03 4.782007031250000182e+03 1.049665903124999932e+04 1.452214640624999993e+04 1.959496500000000015e+04 1.610727421875000073e+04 3.141297346874999857e+04 2.338247840625000026e+04 1.025745628125000076e+04
7.090067812500000173e+02 7.470990000000000464e+02 1.110818250000000035e+03 1.352068968750000067e+03 1.964411624999999958e+03 2.615256093750000218e+03 3.848542875000000095e+03 6.664499906250000095e+03 8.300417343749999418e+03 1.071005737500000032e+04 8.555594250000000102e+03 1.491494681250000031e+04 1.256838421874999949e+04 6.493289718750000247e+03
4.460475937499999759e+02 4.300734375000000114e+02 6.078371250000000146e+02 7.610251875000000155e+02 1.181677968749999991e+03 2.628772687499999847e+03 2.565285656250000102e+03 6.285625687499999913e+03 8.830431656250000742e+03 1.405316156249999949e+04 6.340511249999999563e+03 2.204925074999999924e+04 1.701862031249999927e+04 9.514453218750000815e+03
5.377965937500000564e+02 9.346929374999999709e+02 2.079507468750000044e+03 1.853002124999999978e+03 3.444683437499999854e+03 2.774997656250000091e+03 5.948530031250000320e+03 1.432103587499999958e+04 1.631616703124999913e+04 2.405789849999999933e+04 1.487439703125000051e+04 2.476813406250000116e+04 2.640609946874999878e+04 1.304883768749999945e+04
5.226416249999999764e+02 7.413646874999999454e+02 1.583899031250000007e+03 1.824740156249999927e+03 1.483138968750000004e+03 2.474355843750000076e+03 4.439996250000000146e+03 8.814457500000000437e+03 1.085587275000000045e+04 1.606467646874999991e+04 1.082883956249999937e+04 1.797706968749999942e+04 1.954704253125000105e+04 1.628339953124999920e+04
9.080693437500000300e+02 9.191283750000000055e+02 1.422109500000000025e+03 1.727666437500000029e+03 2.316252656250000200e+03 4.179085031249999702e+03 5.201431031250000160e+03 9.373962562500000786e+03 1.096810143749999952e+04 1.406258221874999981e+04 1.153579837500000031e+04 1.783903659374999916e+04 1.637310056249999980e+04 1.407568921874999978e+04
5.185456874999999854e+02 6.201249374999999873e+02 1.048150406250000060e+03 1.369681499999999915e+03 1.228371656249999887e+03 2.363765531250000095e+03 3.828882375000000138e+03 7.552089562500000284e+03 9.840080250000000888e+03 1.419201384375000089e+04 1.010344903125000019e+04 1.517544843749999927e+04 1.522255171875000087e+04 1.311560146874999919e+04
4.288446562500000141e+02 3.764166562500000168e+02 5.345198437499999500e+02 6.004644375000000309e+02 9.494383125000000518e+02 2.810632312499999898e+03 2.411278406249999989e+03 5.081010468749999745e+03 7.162565906249999898e+03 9.654943875000000844e+03 6.117692250000000058e+03 1.367797368749999987e+04 1.169799749999999949e+04 8.152963593749999745e+03
3.841989374999999995e+02 4.571066250000000082e+02 5.144497499999999945e+02 1.437264468750000106e+03 5.310382968750000146e+03 1.485186937500000113e+03 3.865745812499999829e+03 5.001958875000000262e+03 8.576483531249999942e+03 1.174632956249999916e+04 8.367181124999999156e+03 1.279857590625000012e+04 1.742247974999999860e+04 1.657298231250000026e+04
4.685752499999999827e+02 5.775271874999999682e+02 9.310065937499999791e+02 1.111227843749999920e+03 5.744961937500000204e+03 1.927138593749999927e+03 3.587222062499999993e+03 4.695582749999999578e+03 7.087200656250000065e+03 9.138036562499999491e+03 8.408550093750000087e+03 1.007191031250000015e+04 1.291694850000000042e+04 1.258231040625000060e+04
2.428890937500000007e+02 1.933282499999999970e+02 2.838484687499999950e+02 3.780550312500000132e+02 9.191283750000000055e+02 1.500341906249999965e+03 1.479862218750000011e+03 2.709462656249999782e+03 4.240933687499999905e+03 6.312249281250000422e+03 4.288446562500000255e+03 1.183644018750000032e+04 1.212561337500000081e+04 1.230460584374999962e+04
2.858964374999999905e+02 2.510809687500000109e+02 3.010514062500000136e+02 5.013427500000000236e+02 6.852503437499999563e+02 1.672780874999999924e+03 1.898467031249999991e+03 2.974060218749999876e+03 5.129752124999999978e+03 6.529743562499999825e+03 6.101718093749999753e+03 1.164638868750000074e+04 1.072807949999999983e+04 9.241254187500000626e+03
3.170255624999999782e+02 3.559369687500000055e+02 6.811544062499999654e+02 7.769993437499999800e+02 1.411869656249999935e+03 1.395895500000000084e+03 2.183134687499999927e+03 3.037956843750000189e+03 4.408457531250000102e+03 4.830748687500000415e+03 4.731627000000000407e+03 6.731673281250000400e+03 9.740958562499999971e+03 9.147866812500000378e+03
4.837302187500000059e+02 7.962502500000000509e+02 1.404906562500000064e+03 2.670551249999999982e+03 3.491786718750000091e+03 1.052246343750000051e+03 4.291313718749999680e+03 3.475402968750000127e+03 6.773042250000000422e+03 8.371686656249999942e+03 5.939928562500000226e+03 7.147001343750000160e+03 1.087676203125000029e+04 9.432534468750000087e+03
2.088928124999999909e+02 2.535385312500000055e+02 3.694535624999999754e+02 5.095346250000000055e+02 7.667595000000000027e+02 1.155463968750000049e+03 2.236791468750000149e+03 3.221864437499999894e+03 4.696811531250000371e+03 6.307743749999999636e+03 5.363630156250000255e+03 9.453014156249999360e+03 1.101807187499999964e+04 1.134001256250000006e+04
3.960771562499999732e+02 9.912168749999999591e+02 1.553998687499999960e+03 3.182953031250000095e+03 9.617261250000000246e+02 1.408592906249999942e+03 4.103310187500000211e+03 4.474811718750000182e+03 7.282167281250000087e+03 7.895738718749999862e+03 5.432441906250000102e+03 7.616395781250000255e+03 9.901519312500000524e+03 8.964368812500000786e+03
2.846676562499999932e+02 3.289037812500000086e+02 3.682247812499999782e+02 5.824423124999999573e+02 8.654715937500000109e+02 1.519183218749999924e+03 1.861603593750000073e+03 3.024849843750000218e+03 4.623903843750000306e+03 6.506806312499999876e+03 5.681474906249999549e+03 9.671327624999999898e+03 1.021362975000000006e+04 1.085505356249999932e+04
3.882948749999999905e+02 5.119921875000000000e+02 8.716154999999999973e+02 1.060847812499999918e+03 5.161290843750000022e+03 1.516316062500000044e+03 1.919765906249999944e+03 2.714377781250000226e+03 3.812089031250000062e+03 4.543623468750000029e+03 3.368498999999999796e+03 6.823831874999999854e+03 7.958406562500000291e+03 9.378058499999999185e+03
2.637783749999999827e+02 7.516045312500000364e+02 9.973607812499999454e+02 2.546853937500000029e+03 1.209243628125000032e+04 8.728442812499999945e+02 2.710281843750000007e+03 3.223093218749999778e+03 4.791018093749999935e+03 6.705868875000000116e+03 5.230921781250000095e+03 6.089020687500000349e+03 7.494746437499999956e+03 7.427163468749999993e+03
2.752470000000000141e+02 2.736086250000000177e+02 4.001730937500000209e+02 5.664681562499999927e+02 9.772906874999999900e+02 1.411460062500000049e+03 1.531471031249999896e+03 2.316252656250000200e+03 3.234152250000000095e+03 4.288446562500000255e+03 3.465572718750000149e+03 5.347655999999999949e+03 5.190372000000000298e+03 5.966961750000000393e+03
3.370956562499999905e+02 7.069588125000000218e+02 1.273426968750000015e+03 3.269786906249999902e+03 1.130478749999999991e+03 8.146819687500000100e+02 2.484595687500000167e+03 2.620990406249999978e+03 4.109454093749999629e+03 4.961818687500000124e+03 4.066037156249999953e+03 4.692305999999999585e+03 6.039869437499999549e+03 5.629046906249999665e+03
4.206527812499999754e+02 5.271471562499999663e+02 9.174900000000000091e+02 1.156692749999999933e+03 1.577755124999999907e+03 1.978337812499999927e+03 3.465572718750000149e+03 5.068313062500000342e+03 6.518274937500000306e+03 7.807676062499999716e+03 6.136533562499999789e+03 9.733176281250000102e+03 1.156610831250000047e+04 1.235990099999999984e+04
5.603242500000000064e+02 5.529515625000000227e+02 7.221137812499999882e+02 1.030128281250000100e+03 1.318891875000000027e+03 2.211396656249999978e+03 3.103901437500000156e+03 4.233970593750000262e+03 5.830976625000000240e+03 7.717975031250000029e+03 6.407275031250000211e+03 9.134759812500000407e+03 9.374372156249999534e+03 9.590228062500000306e+03
4.014018750000000182e+02 4.759479375000000232e+02 7.008149062500000355e+02 9.559918125000000373e+02 1.218951000000000022e+03 1.675238437499999918e+03 2.294953781249999793e+03 3.160834968749999916e+03 4.715652843750000102e+03 4.828700718750000306e+03 3.665044875000000047e+03 8.289358312500000466e+03 9.597191156250000859e+03 1.064411278124999990e+04
2.244573750000000132e+02 2.658263437499999782e+02 3.235790625000000205e+02 8.159107500000000073e+02 8.667003750000000082e+02 1.017021281250000015e+03 1.386065250000000106e+03 1.536386156250000113e+03 1.949666249999999991e+03 2.528831812500000069e+03 2.403496125000000120e+03 3.300506437500000175e+03 3.742867687500000102e+03 3.803487562499999967e+03
